80871693.24920519
54872253.66093304
65377986.543592066
105688547.40556127
55840786.910586014
63879409.89713043
57866471.88285772
81535158.24654135
72404509.73804012
18727415.20984044
124628642.62054697
176510577.04005536
70816070.30429623
82769987.00476295
74106732.92799301
92349838.04139824
44998413.36876541
47183560.287746646
154049221.98415005
12823032.528393615
50729864.01448397
144672631.55026376
41752396.694977194
4530430.71756049
35422173.77200499
61669766.68150701
66165572.56550191
39080388.5950843
100365714.67676656
100739976.79001617
141625937.81632856
84803991.43516608
64233678.039638214
14937183.688473767
119497947.8765769
46428922.11268022
190931474.8700213
88071790.78872322
-27463194.138254967
16531761.797270874
1128623.392383342
53406480.63604257
156906523.28587526
25706593.425946344
63613865.77983551
14390381.168911446
48197968.78761854
66825620.46086656
77477187.90674159
163243653.93389046
47031365.24860871
18000847.170782324
129476971.23022644
69410359.78123958
12732218.130245127
47581353.17179548
41652087.426062204
26526396.80744654
28820582.25648182
75668703.13069731
115454390.80607866
27263027.834757045
92382600.89254242
50431991.00206542
62515003.11887333
128927873.81954023
33196016.247329935
74941605.54831125
73094725.55140305
105297140.91017468
66469564.41788114
73116625.74179828
46358479.15188487
163596746.12610015
99156618.92275342
145157315.05960876
81574976.32111946
119020590.03079881
94814217.52395618
13283884.752919517
147483031.5475499
42648275.534597345
141182468.1321537
194697315.06356272
47161027.11358514
128294986.30995306
99519887.64382511
76795206.437825
22009303.66539628
117139674.65007178
50055565.36234283
37142622.74721655
94411112.19713148
72498836.91528216
98442248.56733862
87144540.33857688
80537758.25741915
58930938.74482083
10984871.786189161
22117980.610350877
133928403.2255324
71852074.03840034
95181365.74269304
-16809176.6067499
60978224.080092825
32432006.995037396
16058539.454111487
64184849.72174935
25041507.320622876
101389058.45487957
49914670.05226447
72209908.14971207
60097503.215769015
38072997.265519924
83919794.09917685
50008396.10781166
98299216.81723253
51908177.53687911
110646457.82465757
113156957.58742107
99173789.03597121
52820348.25163183
103908046.00412083
23524623.804246925
52914785.08198779
137965431.8295817
109685935.71078397
53883807.37142101
106004792.82462806
26347719.94316618
9807653.954873174
106386145.06826353
117247255.89531311
51036319.87191286
77600577.45729788
74969444.29225057
37865027.35986378
51034661.43961935
39131391.915695556
17722680.58027646
39831334.088664465
105362666.65826306
53269532.395712316
79931076.02657557
128292960.10997927
111432750.2520718
82445618.37503207
104905521.3103831
73421210.0429378
33834960.9544138
51338233.14568787
84577187.27125482
197366832.1216892
103838296.71097435
819590.2629374764
67657492.61514075
136117324.52018532
126662911.78141539
188977928.7425901
111326095.79169872
96761087.26277676
23499279.361602016
98295106.36006215
73199708.94380288
8188857.013518028
105602078.95332018
97117458.19058155
91180788.03884733
53585466.518894315
93636457.46270508
44551283.38257782
90642602.0845241
58346714.26389161
113411080.31098841
100636155.38758701
73754771.53414991
123200092.66734791
55333179.391633384
31858778.578541905
151025069.11775196
70740416.39824128
35397078.93554842
53922688.96880039
12039347.77485373
133584630.08734205
87323298.50860333
63836171.46456209
23669525.710029565
153300845.32636917
17791061.26855715
51121167.19786921
47695765.41005582
66104692.87469019
94015750.60535794
96946212.23744711
57138936.47893006
166198404.42583853
86423858.40940051
71926026.33903459
111625011.03168434
59577272.16699451
141029192.4801152
-1780320.5984886559
138561530.78739586
72928232.72442327
61541878.07371152
54694620.41805329
168535192.32084638
116463365.27815002
69200354.40756449
129078478.26717262
104267881.19749601
34117359.436261274
56062462.595895946
88230215.86950886
64089178.88266789
21954991.69483546
111302830.19870776
100518402.92350331
149877714.6211918
73366267.73674466
84440528.34866278
60983999.09019616
44956257.09684735
80193813.24257241
59626820.11926361
52209290.61273216
593635.3301626276
99341236.49029961
98802644.28481154
76806289.41083789
52998275.1384249
47011199.50041705
-16064704.73104425
29209469.954429783
42288497.93820391
64352064.35308823
71398873.61518362
56763690.47491971
9433620.526015138
65193401.55425179
90125691.06903836
75343520.07162672
96763536.90236676
39436424.91112585
97888524.28831312
48919466.94662423
18921474.25017948
107346018.05920918
7362750.907913944
59335363.413516484
40689069.84995338
159985334.53981248
48547548.553376004
56387854.851743065
170325858.15033323
-16562708.372534556
61278246.1249868
16866943.86515507
31456773.238049127
96766873.17811495
89407399.98921517
86651436.23172303
58839190.997890934
68397567.67968248
138572634.820873
113962801.55710202
247864144.5563608
88419318.59731887
50329651.48052983
18492553.731490348
107233902.13100028
60433323.523170084
103486421.0347444
14170497.04299914
51262992.74267748
51798064.71861193
27064350.98291459
26405521.597757988
155842116.256355
-10163638.187406572
173750096.5792091
109298649.45585828
49567016.594130434
11310722.771794267
62568466.2675992
53797708.25501139
74303594.45793067
68914042.90961607
30160211.952838384
12678676.728584353
144341948.23867536
82766214.4899462
67076400.16791736
108132831.05425568
65058630.73549583
25011255.185650617
188081152.82122386
111141182.0249296
122193672.5466914
120326353.90780379
100384444.2429114
63121946.75050159
82220443.1815694
95607934.68536219
53667740.909962684
46103425.29239983
38891866.83408987
118926744.79159366
159294890.7898044
113255383.588401
58317325.21696098
24401526.978011243
76044324.54763176
29507572.10618878
35786353.04879856
33667649.64414377
109281103.76887381
115431664.72891696
85329528.46074915
165676742.60313037
9977850.229592016
114449667.98562877
39014082.239313364
98417775.96167013
71789533.02288736
99636131.69462876
49563161.96079578
59133304.59952836
-4129627.270918904
134122503.98356517
66098176.97465046
121915383.8416298
117406677.92875142
99872412.85279724
74116870.82096076
123591127.13602981
59793368.38530874
8266918.465361081
154292461.65512574
83384612.8629826
22156197.500957754
104236936.2322466
152742333.1275841
81534656.15383178
87426571.12858915
42799111.35707348
37549770.62761061
37840009.77702883
62831361.445184365
43026278.945829526
62980027.026183546
105421577.00837304
83963524.99098565
140637036.93770358
64742788.092313595
122979301.07180403
102538044.44791614
85014546.43453754
74239907.02327344
26985636.33305655
48555792.19265957
41642245.06772444
24969286.603339516
94746616.23916875
81722695.29888609
117935088.9775254
140187919.01417086
64859891.4295254
7213776.481137249
116632081.35925409
122063624.69503519
88040290.25206748
51314399.87344472
51699896.01797178
-14033769.138912505
61437360.204784036
148893176.1254985
136812473.4442624
58978945.44654908
13845339.869333496
26311731.797320075
37923395.09805581
103796089.77006163
72993593.50847562
71200909.45475975
95728508.07422142
37716637.51641772
102219770.56959604
37758382.078535266
94802921.07059425
151529242.97274926
86686585.4965218
74978250.63259362
115505786.60995752
91396677.7730548
37124561.70737939
120733086.10250418
6140632.953962944
10723599.58973463
103569137.75405785
84667493.00011201
91981124.97476442
84062235.90818273
44867272.01445975
148743870.57908764
151520500.6327751
52007460.19286928
36608658.767799206
135586846.6852511
39839214.64123968
160464655.52751932
68914438.6640039
72606859.21176422
46982268.61636929
9706361.288575657
80364317.18334834
93014946.75690784
-444160.60009004833
108071006.1364015
98384002.82961336
51459313.44232642
35935269.16984096
50449259.13815037
118018607.71663682
41514812.32248948
57652671.9796535
149031406.8846285
77924078.11084634
14246169.497699864
12205047.208588313
7444349.2745163245
142026150.1622185
22612665.097072013
86120386.95454188
123355646.84988563
42319753.02415218
118010664.10142025
43445491.28465919
100533511.11553706
36541233.32671593
112971347.01118673
-15751383.902081596
7367456.055344684
115506227.28520548
51738420.804814465
53650204.09360407
64959113.732299164
100614874.61921534
58358266.28506075
97411286.40777987
49283364.87549951
43367425.418204054
68937293.03922552
70287063.64940915
113330099.30195796
10085349.796845522
64422634.99374964
80206286.27583872
82621736.89793095
44340099.62942156
21172306.935467545
105838157.8721556
78023072.65650801
30647809.64682684
65746646.564122684
24854455.40719864
41359766.89113111
56131316.031678975
108968039.9443696
83749436.47827639
24633239.55125007
78231123.20785491
140007417.30992627
129793492.7955357
61707628.92561963
180231400.00302494
42523520.806701705
68901719.48917346
165162621.8480054
77654061.5863922
123774156.37487587
87462287.84303005
23639399.557568472
49521504.341325894
98848465.72085863
165018783.5784032
26342634.45660942
51871669.43279849
62876518.87258497
109952888.32148135
84368674.16499129
84404463.33244972
7412614.675097546
15487916.90472076
32428855.778038867
138448034.8706493
133580899.05055164
38657642.59324419
133492624.17796727
101309918.16163641
39427385.750750005
86155811.11485279
65904901.69540393
-10237843.849365305
129700496.62747888
118122316.70950432
86659191.9977038
56621948.50825461
37884328.11289714
55057633.10380779
81728212.88306034
-22682073.804722115
127549798.85457331
8082268.7743356805
24821904.135912076
56761075.14100666
28947984.58917248
4710842.076327096
69455934.72430906
50322800.40418564
106752518.6065826
60251605.25799245
88156589.46035372
27784728.936969064
32568023.88812868
97070140.30724797
87025943.77235559
108980563.47146763
75999693.18300146
103739651.99434789
69617068.6724611
36700245.870872006
110730585.22730903
52491345.92894049
173959685.52978995
84781761.02070567
127534266.73711751
57507290.714862436
143910195.31716082
75300886.81257872
60767705.106494136
51412731.77312839
95368292.23809746
104502842.91693747
71059680.18665785
33306280.24995764
151364683.94285026
61134875.74554411
106474581.39802797
203604358.80784214
110270404.31193085
73810184.41872562
52703497.68049689
176797760.65793753
81362332.45419568
49405915.760069154
159088213.5602126
80720509.7052765
35598290.330199055
110548450.52614467
890993.7435030101
103271080.05925523
55088496.389193416
143206339.17773873
70545091.9208969
112109039.69806984
87405143.18886569
37697247.577177726
122599872.66019931
102918893.59625651
68453692.2912795
15570084.720732525
8853891.421658747
71418382.62938936
61795530.39334738
22315408.047903247
47777942.61659065
112637257.48614883
154278542.3576444
102973917.62403843
30748470.590783805
75904439.78153415
56349028.89691257
38572459.3775326
104490483.67823388
86940681.08578612
115415717.88545616
81168895.56152627
98064018.0174892
145474600.72302768
7023696.623051133
74008495.38878772
121361907.81521603
21289178.577434435
33764826.67182474
113211154.18114273
55655692.973922744
82185750.36045474
116135490.75176212
33931432.14404808
52675873.36923096
28347986.408568047
34831110.91093694
64190094.09742449
28986944.224185187
133758481.38131674
70830725.51126918
59627318.976732284
104863860.23397672
140043884.09259954
72056381.48576126
124515661.13383654
158651487.03208822
36854193.655920714
54623572.9854027
42495132.91218928
10552153.082518933
13025826.727690706
59822851.33775236
67968878.06842172
92280854.70458911
93914531.39693896
35306475.419941604
46372097.50740762
55317313.498517126
18220403.23074197
180912334.80445343
84936298.96797419
52589188.20417638
60779884.01382346
93652401.4658158
172906041.96660006
77560865.53137314
30570804.37395221
42025947.97053253
14575247.490325894
62904134.72263391
135684276.19097742
68087649.415424
148592839.5546242
72501433.55882278
82507051.88789131
24986879.02062249
32271272.200136602
88830273.83514246
75754104.31612554
134838584.0713246
55824341.677267104
-1276118.8756417073
146639852.2961733
22410059.020535756
153084083.61491328
8664063.277865004
-9238773.115159858
4957137.187641351
48953981.72376873
90088742.12359752
183891468.15117902
57394437.1096001
54768030.05745794
77105322.71863227
116110041.69184332
12686262.010864325
99664524.48660506
43028300.9216444
9757718.37512387
96920622.27565107
134761656.97181627
36273522.88449915
49086961.345740035
55134086.266995244
99671903.21141708
4323213.39411268
91965978.60417517
35822247.887689784
68063533.35202132
15001130.397149337
75442377.56093097
214110676.36350632
75150808.80451751
143109131.4657891
52901640.165694684
110654994.55316623
93512647.57205442
105773038.08812834
10940349.375873564
207934959.10356945
78325991.12603967
80034911.66585304
23606500.383539967
81455216.74991621
39467778.843096435
113892988.98292069
96663747.09738243
7358852.405476612
5369249.635817647
77352752.36457674
131808289.64458889
28995954.78352978
120657973.58750442
44543194.61955447
154731222.94640416
64966199.81364002
41785059.60979108
150648135.4658401
81762023.8084675
101142229.9999898
142733461.71303645
96517018.46967402
45897701.032368146
77948636.35643762
88901982.22805491
45248572.549709104
154732619.9745152
14405950.813573075
145094709.48764464
91645599.21455346
48778185.96430147
85178904.23129366
55199560.914874524
67560139.89549324
104933751.930092
86010407.10605523
65156151.85630191
13135470.489564689
57088409.635771796
29010956.25994979
71204038.36091152
12938888.357599614
43364564.625876926
139309933.97731182
146413631.4041985
78415765.29059643
33890762.63452526
57618940.109712616
100425837.53308663
135997679.17822447
95257077.85326503
-4980284.433456938
42066185.57741575
76804541.24207479
47383685.42406748
36696979.76424575
55370201.04796205
117859485.05353081
73941700.91700406
97280040.95824459
52688232.70798699
70046222.66382636
112993540.37281482
93948416.06388126
66898239.29385173
172840276.25127193
73789931.10019189
59765597.39816257
173757425.96590948
50110731.66589411
63831012.58403269
155832233.2212635
118175472.85643858
68907147.60109368
117329288.48469068
113845618.0263093
31238792.39915763
88655058.85024321
68829382.64216006
60792988.30930202
88691512.48372221
58280705.258531295
82131167.82120185
74108143.2046436
63794089.00705497
161937367.43376887
157424558.4098791
42855547.91541851
122620933.03304279
83514354.22311439
70680251.48532179
82747898.37981726
122552022.43460612
-1761072.2260575294
178119.6578332628
55572392.85878839
127345807.7837873
111242843.64537877
53368557.272288
144500042.75159055
63221509.560114846
76710611.6214963
110237870.88578826
97041413.50957553
28852665.65272452
20614457.425945804
34935151.507252075
103357649.96596031
89284635.29316682
91755289.48963638
87535075.4366341
56681525.94352609
100456088.70909443
49449650.429815896
63234257.79358735
45843400.78972697
82199428.27051918
8921600.243114488
-9983189.471974354
122014005.1179791
61587111.67827776
68542117.15127577
138856252.66579732
64407527.03866527
45446727.11224212
65119622.9746252
107112050.20976552
81250892.52575001
24407434.396745294
75334696.10234988
169845099.34860703
76532895.99301782
99577618.05940387
15670425.617092974
50347899.83240303
63091330.866159216
193810288.8843721
31354988.924602903
114530167.91819093
83055105.6836105
137339339.21437377
36216958.99539471
8929019.478818893
87862475.920026
86176349.30114862
35177102.15908266
6287414.578475354
64054900.45632438
204489656.53277332
149524695.11352628
64177749.16676076
17950125.992675196
63326153.452977836
207488079.4395414
75122992.58386657
43845297.144391276
109440318.14318989
62647762.513618484
91125943.130399
-14690012.218275206
89600989.2133867
191060746.39560702
60902919.17256111
124922723.55161539
149029981.2083277
108162320.3222319
43817012.88136425
43472540.11293794
137081918.70759782
34317960.944255784
173329957.57798296
70719667.25649413
43420926.763937764
76160991.52692029
136981211.70171767
73952743.84015794
97563326.63700606
149120314.95357972
16330010.41998743
151077326.959372
99209594.33904836
211799588.76224974
145406428.48321068
59186697.7646472
27737916.852620974
151670444.04890525
36466867.0412257
60802287.63933314
34323404.33318517
51037417.36477067
118915283.9463801
113390315.33359541
101570648.0167202
5665807.07354275
7702415.462916398
36165026.10913079
66074724.85210008
43024391.33344203
104312268.70946273
33657965.05948705
55175067.112488694
65556116.80879739
88565644.24065478
101082484.78648455
90863072.72753595
95907294.66601998
83143661.82437159
11799392.910335025
24829965.344566375
69443007.64984067
80328273.90139845
117437839.94292957
111895834.7773699
26280237.622832887
82017560.9360517
89464140.29560478
136116710.9144586
72307519.69342029
95771715.47008926
-1023809.1909936712
127407302.22598462
47799187.26728399
27748442.556669306
89254657.23355447
10830199.13402074
86442469.14352193
184788118.83492395
64736074.65358091
43247363.99693121
123498739.89188927
14681305.204281943
128947067.74264774
50729834.045423515
29880507.198387235
77103930.43394974
39254632.722121656
79167761.8022238
126288473.65107974
10522539.396865295
177358485.27973762
121776698.03260113
138866357.83154377
115058137.09686051
121570829.47666246
41655295.917307675
109140136.51147044
104111047.27617939
108309434.92514911
140580210.63916093
74143433.38648489
117832772.63682505
46615609.592739224
21393316.846649513
142226060.5094677
21273837.85981851
-2793378.686714704
32842384.978767198
88645250.9103752
46389069.07590576
170611662.2400258
70003455.70009194
135297731.35410547
87785032.52823555
168002397.98370802
67925980.96780783
37260075.955786996
117666824.23894359
126942277.68631834
58301841.907906815
75419241.38282192
59222564.32037362
111962274.34004223
83893793.59757853
49988846.91896094
23405021.186053608
69478050.08301377
94556986.40644453
71402227.36254515
102393126.46851173
87833126.83116254
55028836.17949314
124472349.865262
6401752.145352003
124235604.60435385
32199126.79388242
37156270.10160997
102087179.31570616
21856370.706942424
107729422.87818916
35702004.31720444
7657021.225384823
79014578.65331075
218055115.9482597
63858502.31538454
55439659.33939383
36715695.553784736
806977.5494270027
98845889.99299024
121557951.28973009
127728968.40847386
133458985.61101826
-19294613.805908214
116647764.9738129
8445342.947767215
66126371.18776625
191094970.28461686
-3314450.2388965357
30589805.510985117
49253576.79491669
133092889.1390281
32937634.320815604
98739224.95479107
